50 0 100 0 0
48 0 97.69631791363346 -1.0 0.0
48 1 97.44983065314116 -0.8944271909999159 0.4472135954999579
48 2 96.83060992689205 -0.7071067811865475 0.7071067811865475
49 0 98.84815895681673 -1.0 0.0
49 1 98.41530496344602 -0.7071067811865475 0.7071067811865475
49 2 97.55497722440151 -0.4472135954999579 0.8944271909999159
50 1 98.95171516327808 0.0 1.0
50 2 97.90343032655616 0.0 1.0
51 0 99.04596115461892 1.0 0.0
51 1 98.61310716124822 0.7071067811865475 0.7071067811865475
51 2 97.75277942220372 0.4472135954999579 0.8944271909999159
52 0 98.09192230923786 1.0 0.0
52 1 97.84543504874556 0.8944271909999159 0.4472135954999579
52 2 97.22621432249645 0.7071067811865475 0.7071067811865475
